area_A2=1370.8397603035
zmid_A=51.1698543622
sisf_shift=0.0000000000,1.6837065936
csf_shift=0.0000000000,3.3674131873
apb_shift=2.8270129112,0.0000000000
atoms=5466
